image_width: 1280
image_height: 720
camera_name: front
camera_matrix:
  rows: 3
  cols: 3
  # Change fx (x - focus)
  data: [615.659976,   0.     , 587.872041,
           0.     , 783.562893, 295.217767,
           0.     ,   0.     ,   1.       ]
distortion_model: plumb_bob
distortion_coefficients:
  rows: 1
  cols: 5
  data: [-0.352131, 0.102956, 0.008638, 0.009078, 0.000000]
rectification_matrix:
  rows: 3
  cols: 3
  data: [1., 0., 0.,
         0., 1., 0.,  
         0., 0., 1.]
projection_matrix:
  rows: 3
  cols: 4
  data: [545.616764,   0.     , 616.621636,   0.   ,
           0.     , 717.163164, 289.103357,   0.   ,
           0.     ,   0.     ,   1.     ,   0.     ]